468.09523809523813,92.47619047619048,463.33333333333337,163.90476190476193,841.9047619047619,166.2857142857143,844.2857142857143,106.76190476190476 4100191130
960.952380952381,59.14285714285715,958.5714285714286,135.33333333333334,1558.5714285714287,137.71428571428572,1558.5714285714287,75.80952380952381 河南增值税专用发票
2072.857142857143,142.47619047619048,2070.4761904761904,182.95238095238096,2239.5238095238096,180.57142857142858,2241.904761904762,142.47619047619048 4100191130
2046.666666666667,182.95238095238096,2049.0476190476193,230.57142857142856,2237.1428571428573,230.57142857142856,2237.1428571428573,190.0952380952381 10391915
1734.7619047619048,244.8571428571429,1732.3809523809525,282.95238095238096,1915.7142857142858,290.09523809523813,1915.7142857142858,249.61904761904765 开票日期：
1937.142857142857,242.47619047619048,1934.7619047619048,280.57142857142856,2208.5714285714284,287.7142857142857,2208.5714285714284,242.47619047619048 2019年05月06日
315.7142857142857,299.61904761904765,315.7142857142857,340.09523809523813,560.952380952381,352.0,560.952380952381,318.6666666666667 名称：
577.6190476190476,294.8571428571429,577.6190476190476,347.23809523809524,1030.0,354.3809523809524,1030.0,318.6666666666667 九州通医药集团股份有限公司
315.7142857142857,359.14285714285717,315.7142857142857,402.0,560.952380952381,406.76190476190476,558.5714285714286,368.6666666666667 纳税人识别号：
601.4285714285714,352.0,606.1904761904763,404.3809523809524,1156.1904761904761,413.9047619047619,1153.8095238095239,371.04761904761904 9142000071451795XA
313.33333333333337,413.9047619047619,315.7142857142857,459.14285714285717,560.952380952381,456.76190476190476,560.952380952381,423.42857142857144 地址、电话：
565.7142857142858,411.5238095238095,1325.2380952380952,428.1904761904762,1322.857142857143,473.42857142857144,563.3333333333334,452.0 湖北省武汉市汉阳区龙阳大道特8号4008004488-8791
310.95238095238096,468.66666666666674,310.95238095238096,511.5238095238095,558.5714285714286,511.5238095238095,558.5714285714286,475.80952380952385 开户行及账号：
568.0952380952381,466.28571428571433,565.7142857142858,511.5238095238095,1268.095238095238,523.4285714285714,1270.4761904761906,485.33333333333337 汉口银行龙阳大道支行023020120108000027
1470.4761904761906,328.1904761904762,1468.095238095238,366.2857142857143,2163.3333333333335,380.5714285714286,2163.3333333333335,337.7142857142857 -8+051-4561610<86<44+40*962
1465.7142857142858,368.6666666666667,1470.4761904761906,411.5238095238095,2168.095238095238,418.6666666666667,2168.095238095238,378.1904761904762 838/08-86702>708-+02<9362/4
1468.095238095238,409.14285714285717,1463.3333333333335,452.0,2168.095238095238,459.14285714285717,2170.4761904761904,421.04761904761904 83984*<14701+41-10+>4<5*607
1458.5714285714287,459.14285714285717,1463.3333333333335,497.2380952380953,2163.3333333333335,504.3809523809524,2163.3333333333335,463.9047619047619 *-6+*1+/0***664<<<19>014781
277.61904761904765,528.1904761904763,277.61904761904765,568.6666666666667,718.0952380952381,573.4285714285714,718.0952380952381,542.4761904761905 货物或应税劳务、服务名称
230.0,566.2857142857143,232.38095238095238,616.2857142857143,737.1428571428572,616.2857142857143,730.0,578.1904761904763 *糖果类食品*健达奇趣蛋（男孩
230.0,606.7619047619048,227.61904761904762,647.2380952380953,410.95238095238096,649.6190476190476,406.1904761904762,616.2857142857143 版）T24*4
232.38095238095238,656.7619047619048,232.38095238095238,690.0952380952381,727.6190476190476,702.0,727.6190476190476,659.1428571428572 *糖果类食品*健达奇趣蛋（女孩
227.61904761904762,692.4761904761905,227.61904761904762,732.952380952381,401.42857142857144,735.3333333333334,391.9047619047619,697.2380952380953 版）T24*4
815.7142857142858,532.952380952381,815.7142857142858,573.4285714285714,982.3809523809524,578.1904761904763,982.3809523809524,537.7142857142858 规格型号
756.1904761904763,578.1904761904763,751.4285714285714,613.9047619047619,889.5238095238095,623.4285714285714,894.2857142857143,575.8095238095239 20g*1只
751.4285714285714,659.1428571428572,749.047619047619,699.6190476190476,894.2857142857143,704.3809523809524,891.9047619047619,661.5238095238095 20g*1只
1051.4285714285716,537.7142857142858,1051.4285714285716,575.8095238095239,1132.3809523809525,575.8095238095239,1132.3809523809525,542.4761904761905 单位
1053.8095238095239,578.1904761904763,1051.4285714285716,621.047619047619,1103.8095238095239,628.1904761904763,1103.8095238095239,585.3333333333334 只
1053.8095238095239,659.1428571428572,1053.8095238095239,702.0,1103.8095238095239,709.1428571428572,1106.1904761904761,659.1428571428572 只
1201.4285714285716,537.7142857142858,1199.047619047619,580.5714285714286,1301.4285714285716,582.952380952381,1303.8095238095239,540.0952380952381 数量
1256.1904761904761,578.1904761904763,1251.4285714285716,618.6666666666667,1337.142857142857,625.8095238095239,1339.5238095238096,587.7142857142858 9600
1253.8095238095239,671.047619047619,1251.4285714285716,704.3809523809524,1325.2380952380952,706.7619047619048,1330.0,671.047619047619 9600
1406.1904761904761,535.3333333333334,1406.1904761904761,582.952380952381,1518.095238095238,585.3333333333334,1518.095238095238,552.0 单价
1365.7142857142858,590.0952380952381,1365.7142857142858,625.8095238095239,1549.047619047619,625.8095238095239,1546.6666666666667,592.4761904761905 4.9649645833
1360.952380952381,671.047619047619,1360.952380952381,706.7619047619048,1544.2857142857144,711.5238095238095,1546.6666666666667,671.047619047619 4.9649645833
1641.904761904762,540.0952380952381,1644.2857142857144,582.952380952381,1801.4285714285716,585.3333333333334,1801.4285714285716,542.4761904761905 金额
1703.8095238095239,594.8571428571429,1706.1904761904761,635.3333333333334,1844.2857142857144,632.952380952381,1844.2857142857144,592.4761904761905 47663.66
1701.4285714285716,673.4285714285714,1703.8095238095239,716.2857142857143,1844.2857142857144,713.9047619047619,1844.2857142857144,678.1904761904763 47663.66
1880.0,542.4761904761905,1880.0,585.3333333333334,1953.8095238095239,587.7142857142858,1958.5714285714287,547.2380952380953 税率
1884.7619047619048,597.2380952380953,1884.7619047619048,632.952380952381,1934.7619047619048,635.3333333333334,1944.2857142857144,602.0 13%
1875.2380952380954,675.8095238095239,1877.6190476190477,711.5238095238095,1939.5238095238096,718.6666666666667,1939.5238095238096,682.952380952381 13%
2044.2857142857142,544.8571428571429,2044.2857142857142,587.7142857142858,2187.1428571428573,594.8571428571429,2187.1428571428573,552.0 税额
2118.095238095238,597.2380952380953,2118.095238095238,632.952380952381,2251.4285714285716,642.4761904761905,2244.285714285714,597.2380952380953 6196.28
2115.714285714286,680.5714285714286,2113.3333333333335,721.047619047619,2244.285714285714,721.047619047619,2244.285714285714,682.952380952381 6196.28
360.95238095238096,932.952380952381,360.95238095238096,973.4285714285714,613.3333333333334,975.8095238095239,615.7142857142858,940.0952380952382 合计
1603.8095238095239,923.4285714285714,1603.8095238095239,973.4285714285714,1841.904761904762,975.8095238095239,1841.904761904762,932.952380952381 ￥95327.32
2006.1904761904764,925.8095238095239,2008.5714285714287,982.952380952381,2246.666666666667,978.1904761904761,2244.285714285714,940.0952380952382 ￥12392.56
322.8571428571429,1004.3809523809525,325.23809523809524,1052.0,641.9047619047619,1049.6190476190477,641.9047619047619,1004.3809523809525 价税合计（大写）
787.1428571428572,990.0952380952381,784.7619047619048,1037.7142857142858,1415.7142857142858,1042.4761904761906,1418.095238095238,994.8571428571429 壹拾万柒仟柒佰壹拾玖圆捌角捌分
1701.4285714285716,1002.0,1694.2857142857144,1049.6190476190477,1827.6190476190477,1052.0,1827.6190476190477,997.2380952380952 （小写）
1841.904761904762,1006.7619047619048,1844.2857142857144,1047.2380952380952,2127.6190476190477,1052.0,2127.6190476190477,1006.7619047619048 ￥107719.88
296.6666666666667,1080.5714285714287,296.6666666666667,1125.8095238095239,541.9047619047619,1125.8095238095239,544.2857142857143,1085.3333333333335 名称：
558.5714285714286,1071.047619047619,558.5714285714286,1104.3809523809525,949.047619047619,1106.7619047619048,953.8095238095239,1071.047619047619 河南九州通医药有限公司
294.2857142857143,1132.952380952381,296.6666666666667,1168.6666666666667,541.9047619047619,1175.8095238095239,539.5238095238095,1123.4285714285716 纳税人识别号：
596.6666666666667,1113.904761904762,599.047619047619,1171.047619047619,1165.7142857142858,1163.904761904762,1165.7142857142858,1125.8095238095239 914101007126437846
299.04761904761904,1182.952380952381,299.04761904761904,1216.2857142857142,539.5238095238095,1216.2857142857142,539.5238095238095,1190.095238095238 地址、电话：
551.4285714285714,1166.2857142857142,549.047619047619,1209.142857142857,1365.7142857142858,1213.904761904762,1365.7142857142858,1173.4285714285716 郑州经济技术开发区第九大街88号 0371-58623072
291.9047619047619,1228.1904761904761,294.2857142857143,1275.8095238095239,544.2857142857143,1271.047619047619,544.2857142857143,1223.4285714285716 开户行及账号：
546.6666666666667,1221.047619047619,546.6666666666667,1263.904761904762,1341.904761904762,1266.2857142857142,1341.904761904762,1221.047619047619 中信银行郑州分行营业部 7391010182200182427
234.76190476190476,1294.857142857143,234.76190476190476,1337.7142857142858,391.9047619047619,1335.3333333333335,389.5238095238095,1294.857142857143 收款人：
382.3809523809524,1275.8095238095239,377.61904761904765,1311.5238095238096,470.4761904761905,1309.142857142857,468.09523809523813,1266.2857142857142 王爽
827.6190476190477,1285.3333333333335,827.6190476190477,1328.1904761904761,932.3809523809524,1330.5714285714287,934.7619047619048,1297.2380952380952 复核：
930.0,1273.4285714285716,930.0,1313.904761904762,1044.2857142857142,1311.5238095238096,1044.2857142857142,1275.8095238095239 王正伟
1265.7142857142858,1280.5714285714287,1260.952380952381,1332.952380952381,1410.952380952381,1332.952380952381,1410.952380952381,1290.095238095238 开票人：
1422.857142857143,1278.1904761904761,1422.857142857143,1311.5238095238096,1499.047619047619,1318.6666666666667,1501.4285714285716,1278.1904761904761 郭敏
1751.4285714285716,1285.3333333333335,1751.4285714285716,1337.7142857142858,2027.6190476190477,1340.095238095238,2027.6190476190477,1278.1904761904761 销售方：（章）
