568.2564102564103,362.48717948717945,565.6923076923076,406.07692307692304,842.6153846153845,406.07692307692304,842.6153846153845,359.9230769230769 4300191130
1804.1538461538462,393.2564102564102,1799.0256410256409,426.5897435897436,1937.4871794871792,426.5897435897436,1934.9230769230767,393.2564102564102 4300191130
1547.7435897435896,370.1794871794872,1542.6153846153845,418.89743589743586,1793.8974358974358,413.7692307692308,1788.7692307692307,365.05128205128204 03692182
1773.3846153846152,424.025641025641,1773.3846153846152,457.35897435897436,1929.7948717948716,457.35897435897436,1929.7948717948716,429.15384615384613 03692182
932.3589743589744,339.4102564102564,934.9230769230769,383.0,1388.7692307692307,395.8205128205128,1386.2051282051282,347.1025641025641 湖南增值税专用发票
545.1794871794872,426.5897435897436,545.1794871794872,444.53846153846155,652.8717948717948,449.66666666666663,658.0,424.025641025641 机器编号：
534.9230769230769,467.6153846153846,534.9230769230769,488.12820512820514,755.4358974358975,498.38461538461536,763.1282051282051,470.1794871794872 889902226964
1519.5384615384614,467.6153846153846,1514.4102564102564,495.8205128205128,1658.0,495.8205128205128,1658.0,465.05128205128204 开票日期：
1683.6410256410256,467.6153846153846,1683.6410256410256,493.2564102564102,1899.0256410256409,500.9487179487179,1899.0256410256409,475.30769230769226 2019年10月20日
458.0,508.64102564102564,452.8717948717948,541.974358974359,647.7435897435897,547.1025641025641,647.7435897435897,513.7692307692307 名称：
658.0,511.2051282051282,658.0,544.5384615384615,1042.6153846153845,547.1025641025641,1042.6153846153845,513.7692307692307 国网湖南省电力有限公司物资公司
455.43589743589746,552.2307692307692,458.0,585.5641025641025,642.6153846153846,583.0,645.1794871794872,549.6666666666666 纳税人识别号：
691.3333333333333,549.6666666666666,693.8974358974359,583.0,1052.871794871795,585.5641025641025,1050.3076923076924,544.5384615384615 914301000558414990
458.0,593.2564102564103,458.0,618.8974358974359,637.4871794871794,621.4615384615385,634.9230769230769,593.2564102564103 地址、电话：
658.0,595.8205128205128,660.5641025641025,621.4615384615385,1134.923076923077,626.5897435897435,1134.923076923077,600.9487179487179 湖南省长沙市新韶东路395号0731-85336174
463.1282051282051,631.7179487179487,465.6923076923076,659.9230769230769,642.6153846153846,665.051282051282,640.051282051282,626.5897435897435 开户行及账号：
658.0,631.7179487179487,660.5641025641025,670.1794871794872,1232.3589743589744,672.7435897435897,1232.3589743589744,647.1025641025641 中国建设银行股份有限公司长沙长岭支行43001791061069882007-0120
432.35897435897436,675.3076923076923,437.48717948717945,700.9487179487179,752.8717948717948,703.5128205128204,752.8717948717948,670.1794871794872 货物或应税劳务、服务名称
414.41025641025635,695.8205128205128,416.974358974359,729.1538461538461,755.4358974358975,736.8461538461538,755.4358974358975,706.0769230769231 *非金属矿物制品*非预应力锥形水泥杆
419.53846153846155,729.1538461538461,416.974358974359,762.4871794871794,755.4358974358975,772.7435897435897,755.4358974358975,736.8461538461538 *非金属矿物制品*非预应力锥形水泥杆
822.1025641025641,680.4358974358975,827.2307692307692,706.0769230769231,955.4358974358975,711.2051282051282,952.8717948717949,675.3076923076923 规格型号
806.7179487179487,711.2051282051282,809.2820512820513,736.8461538461538,965.6923076923076,741.9743589743589,968.2564102564102,711.2051282051282 非YB190*10
806.7179487179487,739.4102564102564,806.7179487179487,767.6153846153846,960.5641025641025,772.7435897435897,955.4358974358975,744.5384615384615 非YB190*12
1004.1538461538462,675.3076923076923,1006.7179487179487,711.2051282051282,1055.4358974358975,713.7692307692307,1060.5641025641025,685.5641025641025 单位
999.0256410256409,716.3333333333333,1001.5897435897436,744.5384615384615,1052.871794871795,747.1025641025641,1052.871794871795,721.4615384615385 根
996.4615384615383,744.5384615384615,996.4615384615383,777.8717948717948,1060.5641025641025,783.0,1055.4358974358975,744.5384615384615 根
1114.4102564102564,685.5641025641025,1116.974358974359,713.7692307692307,1196.4615384615383,713.7692307692307,1193.8974358974358,685.5641025641025 数量
1214.4102564102564,718.8974358974359,1214.4102564102564,744.5384615384615,1250.3076923076922,747.1025641025641,1250.3076923076922,716.3333333333333 16
1214.4102564102564,749.6666666666666,1209.2820512820513,780.4358974358975,1247.7435897435896,785.5641025641025,1247.7435897435896,747.1025641025641 12
1268.2564102564102,685.5641025641025,1268.2564102564102,721.4615384615385,1352.871794871795,721.4615384615385,1350.3076923076922,683.0 单价
1296.4615384615383,718.8974358974359,1304.1538461538462,744.5384615384615,1404.1538461538462,747.1025641025641,1404.1538461538462,718.8974358974359 1623.28
1293.8974358974358,754.7948717948718,1291.3333333333333,777.8717948717948,1401.5897435897436,783.0,1401.5897435897436,752.2307692307692 2137.93
1440.051282051282,685.5641025641025,1440.051282051282,718.8974358974359,1563.128205128205,721.4615384615385,1563.128205128205,693.2564102564103 金额
1499.0256410256409,718.8974358974359,1499.0256410256409,754.7948717948718,1616.974358974359,752.2307692307692,1619.5384615384614,718.8974358974359 25972.48
1499.0256410256409,757.3589743589744,1499.0256410256409,788.1282051282051,1616.974358974359,788.1282051282051,1619.5384615384614,754.7948717948718 25655.16
1622.102564102564,693.2564102564103,1627.2307692307693,726.5897435897435,1696.4615384615383,726.5897435897435,1699.0256410256409,695.8205128205128 税率
1652.871794871795,721.4615384615385,1655.4358974358975,757.3589743589744,1706.7179487179487,754.7948717948718,1711.8461538461538,724.025641025641 13%
1655.4358974358975,757.3589743589744,1652.871794871795,790.6923076923076,1714.4102564102564,793.2564102564103,1716.974358974359,749.6666666666666 13%
1752.871794871795,693.2564102564103,1752.871794871795,726.5897435897435,1875.9487179487178,724.025641025641,1873.3846153846152,690.6923076923076 税额
1822.102564102564,721.4615384615385,1822.102564102564,754.7948717948718,1924.6666666666665,754.7948717948718,1922.102564102564,726.5897435897435 3376.42
1816.974358974359,762.4871794871794,1819.5384615384614,790.6923076923076,1924.6666666666665,790.6923076923076,1927.230769230769,757.3589743589744 3335.17
493.8974358974359,967.6153846153845,493.8974358974359,1006.0769230769231,683.6410256410256,1008.6410256410256,683.6410256410256,965.051282051282 合计
1437.4871794871794,983.0,1437.4871794871794,1013.7692307692307,1619.5384615384614,1013.7692307692307,1619.5384615384614,980.4358974358973 ￥51627.64
1755.4358974358975,985.5641025641025,1758.0,1021.4615384615383,1927.230769230769,1018.8974358974358,1927.230769230769,990.6923076923076 ￥6711.59
465.6923076923076,1018.8974358974358,463.1282051282051,1052.2307692307693,709.2820512820513,1054.7948717948718,711.8461538461538,1018.8974358974358 价税合计（大写）
834.9230769230769,1018.8974358974358,834.9230769230769,1052.2307692307693,1196.4615384615383,1059.923076923077,1193.8974358974358,1026.5897435897436 伍万捌仟叁佰叁拾玖圆贰角叁分
1491.3333333333333,1031.7179487179487,1488.7692307692307,1070.179487179487,1583.6410256410256,1072.7435897435896,1583.6410256410256,1041.974358974359 （小写）
1586.2051282051282,1039.4102564102564,1588.7692307692307,1072.7435897435896,1788.7692307692307,1075.3076923076924,1788.7692307692307,1039.4102564102564 ￥58339.23
452.8717948717948,1075.3076923076924,450.30769230769226,1100.948717948718,632.3589743589744,1111.2051282051282,632.3589743589744,1083.0 名称：
655.4358974358975,1072.7435897435896,652.8717948717948,1103.5128205128206,1024.6666666666665,1108.6410256410256,1029.7948717948718,1077.871794871795 涟源市天龙电力电杆制造有限公司
445.1794871794872,1111.2051282051282,445.1794871794872,1141.974358974359,634.9230769230769,1147.102564102564,634.9230769230769,1113.7692307692307 纳税人识别号：
688.7692307692307,1111.2051282051282,688.7692307692307,1152.2307692307693,1042.6153846153845,1154.7948717948718,1040.051282051282,1116.3333333333333 91431382785352080K
447.7435897435897,1144.5384615384614,447.7435897435897,1177.871794871795,632.3589743589744,1180.4358974358975,637.4871794871794,1152.2307692307693 地址、电话：
650.3076923076923,1152.2307692307693,645.1794871794872,1185.5641025641025,970.8205128205127,1188.128205128205,970.8205128205127,1162.4871794871794 涟源市桥头河镇15073867818
445.1794871794872,1180.4358974358975,447.7435897435897,1211.2051282051282,629.7948717948718,1216.3333333333333,629.7948717948718,1185.5641025641025 开户行及账号：
650.3076923076923,1190.6923076923076,650.3076923076923,1213.7692307692307,1209.2820512820513,1224.0256410256409,1206.7179487179487,1193.2564102564102 中国农业银行股份有限公司涟源市支行18610901040004708
1319.5384615384614,1088.128205128205,1314.4102564102564,1170.179487179487,1719.5384615384614,1183.0,1722.102564102564,1085.5641025641025 合同编号：HN2018008748S006312468订单号：4500271617非项目采购
401.58974358974353,1231.7179487179487,401.58974358974353,1254.7948717948718,522.1025641025641,1259.923076923077,522.1025641025641,1221.4615384615383 收款人：
560.5641025641025,1224.0256410256409,560.5641025641025,1262.4871794871794,658.0,1262.4871794871794,658.0,1224.0256410256409 吕玉燕
832.3589743589744,1229.1538461538462,827.2307692307692,1267.6153846153845,924.6666666666667,1267.6153846153845,927.2307692307693,1229.1538461538462 复核：
945.1794871794871,1226.5897435897436,945.1794871794871,1262.4871794871794,1047.7435897435896,1267.6153846153845,1042.6153846153845,1229.1538461538462 吴意卿
1163.128205128205,1231.7179487179487,1163.128205128205,1270.179487179487,1281.076923076923,1272.7435897435896,1281.076923076923,1247.102564102564 开票人：
1301.5897435897436,1241.974358974359,1301.5897435897436,1272.7435897435896,1393.8974358974358,1275.3076923076922,1393.8974358974358,1241.974358974359 刘浣湘
