670.8205128205128,308.64102564102564,668.2564102564103,357.35897435897436,945.1794871794871,354.79487179487177,945.1794871794871,306.07692307692304 4300191130
1881.076923076923,347.1025641025641,1878.5128205128206,370.1794871794872,2011.8461538461538,372.7435897435897,2014.4102564102564,344.53846153846155 4300191130
1642.6153846153845,321.46153846153845,1642.6153846153845,370.1794871794872,1881.076923076923,365.05128205128204,1881.076923076923,324.025641025641 03699989
1855.4358974358975,375.3076923076923,1855.4358974358975,400.94871794871796,2011.8461538461538,403.5128205128205,2011.8461538461538,370.1794871794872 03699989
1034.923076923077,283.0,1034.923076923077,326.5897435897436,1483.6410256410256,339.4102564102564,1481.076923076923,290.6923076923077 湖南增值税专用发票
622.1025641025641,372.7435897435897,622.1025641025641,403.5128205128205,750.3076923076923,403.5128205128205,745.1794871794872,375.3076923076923 机器编号：
622.1025641025641,411.2051282051282,622.1025641025641,439.4102564102564,845.1794871794872,449.66666666666663,845.1794871794872,416.3333333333333 889902226964
1616.974358974359,408.64102564102564,1616.974358974359,449.66666666666663,1760.5641025641025,444.53846153846155,1765.6923076923076,411.2051282051282 开票日期：
1763.128205128205,403.5128205128205,1765.6923076923076,447.1025641025641,1981.0769230769229,447.1025641025641,1978.5128205128203,411.2051282051282 2020年02月22日
568.2564102564103,457.35897435897436,568.2564102564103,490.6923076923077,734.9230769230769,495.8205128205128,732.3589743589744,462.48717948717945 名称：
742.6153846153846,462.48717948717945,747.7435897435897,493.2564102564102,1116.974358974359,500.9487179487179,1111.8461538461538,472.7435897435897 国网湖南省电力有限公司物资公司
558.0,495.8205128205128,558.0,526.5897435897435,750.3076923076923,534.2820512820513,750.3076923076923,503.51282051282044 纳税人识别号：
778.5128205128204,503.51282051282044,775.9487179487179,534.2820512820513,1137.4871794871794,534.2820512820513,1137.4871794871794,513.7692307692307 914301000558414990
558.0,539.4102564102564,555.4358974358975,565.051282051282,732.3589743589744,570.1794871794872,734.9230769230769,539.4102564102564 地址、电话：
745.1794871794872,539.4102564102564,745.1794871794872,577.8717948717948,1232.3589743589744,580.4358974358975,1232.3589743589744,552.2307692307692 湖南省长沙市新韶东路395号0731-85336174
563.1282051282051,575.3076923076923,563.1282051282051,606.0769230769231,747.7435897435897,608.6410256410256,747.7435897435897,580.4358974358975 开户行及账号：
740.051282051282,575.3076923076923,742.6153846153846,616.3333333333333,1332.3589743589744,616.3333333333333,1327.2307692307693,588.1282051282051 中国建设银行股份有限公司长沙长岭支行43001791061069882007-0120
537.4871794871794,621.4615384615385,537.4871794871794,641.974358974359,855.4358974358973,652.2307692307692,858.0,618.8974358974359 货物或应税劳务、服务名称
504.1538461538461,649.6666666666666,496.46153846153845,685.5641025641025,847.7435897435897,693.2564102564103,847.7435897435897,654.7948717948718 *非金属矿物制品*非预应力锥形水泥杆
916.9743589743589,626.5897435897435,916.9743589743589,652.2307692307692,1055.4358974358975,652.2307692307692,1055.4358974358975,616.3333333333333 规格型号
893.8974358974358,649.6666666666666,899.0256410256409,685.5641025641025,1052.871794871795,690.6923076923076,1052.871794871795,652.2307692307692 非YB190*12
1096.4615384615383,624.025641025641,1101.5897435897436,649.6666666666666,1160.5641025641025,654.7948717948718,1160.5641025641025,621.4615384615385 单位
1096.4615384615383,657.3589743589744,1096.4615384615383,693.2564102564103,1134.923076923077,685.5641025641025,1134.923076923077,654.7948717948718 根
1211.8461538461538,621.4615384615385,1209.2820512820513,657.3589743589744,1296.4615384615383,657.3589743589744,1299.0256410256409,626.5897435897435 数量
1291.3333333333333,659.9230769230769,1288.7692307692307,698.3846153846154,1340.051282051282,695.8205128205128,1332.3589743589744,659.9230769230769 20
1365.6923076923076,626.5897435897435,1365.6923076923076,659.9230769230769,1455.4358974358975,659.9230769230769,1447.7435897435896,626.5897435897435 单价
1386.2051282051282,662.4871794871794,1386.2051282051282,695.8205128205128,1486.2051282051282,695.8205128205128,1486.2051282051282,670.1794871794872 2137.93
1545.179487179487,629.1538461538461,1545.179487179487,662.4871794871794,1665.6923076923076,662.4871794871794,1663.128205128205,629.1538461538461 金额
1591.3333333333333,667.6153846153846,1593.8974358974358,700.9487179487179,1706.7179487179487,700.9487179487179,1706.7179487179487,672.7435897435897 42758.60
1719.5384615384614,636.8461538461538,1719.5384615384614,659.9230769230769,1793.8974358974358,662.4871794871794,1796.4615384615383,634.2820512820513 税率
1737.4871794871794,667.6153846153846,1737.4871794871794,695.8205128205128,1791.3333333333333,695.8205128205128,1788.7692307692307,662.4871794871794 13%
1847.7435897435896,634.2820512820513,1847.7435897435896,667.6153846153846,1960.5641025641025,665.051282051282,1960.5641025641025,639.4102564102564 税额
1909.2820512820513,670.1794871794872,1906.7179487179487,703.5128205128204,2009.2820512820513,703.5128205128204,2011.8461538461538,675.3076923076923 5558.62
591.3333333333333,913.7692307692307,591.3333333333333,941.9743589743589,783.6410256410256,947.1025641025641,783.6410256410256,908.6410256410256 合计
1527.2307692307693,924.025641025641,1527.2307692307693,959.9230769230769,1714.4102564102564,959.9230769230769,1711.8461538461538,931.7179487179487 ￥42758.60
1845.179487179487,929.1538461538461,1847.7435897435896,965.051282051282,2011.8461538461538,959.9230769230769,2006.7179487179487,924.025641025641 ￥5558.62
570.8205128205128,962.4871794871794,570.8205128205128,998.3846153846154,804.1538461538461,998.3846153846154,804.1538461538461,957.3589743589744 价税合计（大写）
922.102564102564,970.1794871794872,919.5384615384614,1003.5128205128204,1273.3846153846152,1006.0769230769231,1275.948717948718,975.3076923076923 肆万捌仟叁佰壹拾柒圆贰角贰分
1591.3333333333333,970.1794871794872,1591.3333333333333,1006.0769230769231,1678.5128205128206,1008.6410256410256,1675.9487179487178,975.3076923076923 （小写）
1681.076923076923,983.0,1681.076923076923,1016.3333333333333,1868.2564102564102,1021.4615384615383,1870.8205128205127,983.0 ￥48317.22
550.3076923076923,1018.8974358974358,550.3076923076923,1052.2307692307693,732.3589743589744,1057.3589743589744,729.7948717948717,1029.1538461538462 名称：
734.9230769230769,1021.4615384615383,734.9230769230769,1057.3589743589744,1119.5384615384614,1059.923076923077,1119.5384615384614,1029.1538461538462 涟源市天龙电力电杆制造有限公司
547.7435897435897,1059.923076923077,547.7435897435897,1085.5641025641025,732.3589743589744,1090.6923076923076,734.9230769230769,1062.4871794871794 纳税人识别号：
770.8205128205128,1067.6153846153845,770.8205128205128,1100.948717948718,1134.923076923077,1093.2564102564102,1134.923076923077,1059.923076923077 91431382785352080K
550.3076923076923,1093.2564102564102,547.7435897435897,1126.5897435897436,732.3589743589744,1129.1538461538462,732.3589743589744,1093.2564102564102 地址、电话：
732.3589743589744,1100.948717948718,729.7948717948717,1129.1538461538462,1058.0,1139.4102564102564,1058.0,1111.2051282051282 涟源市桥头河镇15073867818
550.3076923076923,1124.0256410256409,547.7435897435897,1152.2307692307693,729.7948717948717,1159.923076923077,734.9230769230769,1131.7179487179487 开户行及账号：
737.4871794871794,1136.8461538461538,734.9230769230769,1159.923076923077,1301.5897435897436,1165.051282051282,1301.5897435897436,1144.5384615384614 中国农业银行股份有限公司涟源市支行18610901040004708
1411.8461538461538,1036.8461538461538,1411.8461538461538,1113.7692307692307,1811.8461538461538,1124.0256410256409,1819.5384615384614,1041.974358974359 合同编号：HN2018008748S006669070订单号：4500283349非项目采购
504.1538461538461,1167.6153846153845,504.1538461538461,1200.948717948718,634.9230769230769,1203.5128205128206,632.3589743589744,1170.179487179487 收款人：
634.9230769230769,1172.7435897435896,629.7948717948718,1203.5128205128206,747.7435897435897,1208.6410256410256,747.7435897435897,1175.3076923076924 吕玉燕
934.9230769230769,1172.7435897435896,932.3589743589744,1211.2051282051282,1022.102564102564,1213.7692307692307,1024.6666666666665,1172.7435897435896 复核：
1034.923076923077,1172.7435897435896,1034.923076923077,1213.7692307692307,1140.051282051282,1221.4615384615383,1142.6153846153845,1183.0 吴意卿
1258.0,1177.871794871795,1258.0,1211.2051282051282,1381.076923076923,1211.2051282051282,1381.076923076923,1183.0 开票人：
1383.6410256410256,1185.5641025641025,1383.6410256410256,1213.7692307692307,1478.5128205128206,1216.3333333333333,1478.5128205128206,1180.4358974358975 刘浣湘
