586.2051282051282,370.1794871794872,586.2051282051282,413.7692307692308,868.2564102564103,411.2051282051282,865.6923076923076,365.05128205128204 4300191130
1814.4102564102564,380.4358974358974,1819.5384615384614,408.64102564102564,1942.6153846153848,406.07692307692304,1942.6153846153848,380.4358974358974 4300191130
952.8717948717949,339.4102564102564,958.0,383.0,1409.2820512820513,383.0,1406.7179487179487,331.71794871794873 湖南增值税专用发票
1563.128205128205,370.1794871794872,1563.128205128205,408.64102564102564,1799.0256410256409,413.7692307692308,1801.5897435897434,365.05128205128204 03692172
1788.7692307692307,408.64102564102564,1788.7692307692307,436.8461538461538,1940.0512820512818,439.4102564102564,1945.1794871794873,403.5128205128205 03692172
552.8717948717948,431.71794871794873,555.4358974358975,465.05128205128204,673.3846153846154,459.9230769230769,673.3846153846154,434.28205128205127 机器编号：
550.3076923076923,470.1794871794872,547.7435897435897,498.38461538461536,781.0769230769231,503.51282051282044,778.5128205128204,475.30769230769226 889902226964
1534.923076923077,452.2307692307692,1534.923076923077,490.6923076923077,1681.076923076923,495.8205128205128,1681.076923076923,452.2307692307692 开票日期：
1701.5897435897434,449.66666666666663,1699.0256410256409,485.56410256410254,1911.8461538461538,483.0,1906.7179487179487,449.66666666666663 2019年10月16日
483.64102564102564,516.3333333333334,478.51282051282044,544.5384615384615,665.6923076923076,554.7948717948718,663.1282051282051,521.4615384615385 名称：
675.9487179487179,516.3333333333334,681.0769230769231,557.3589743589744,1058.0,549.6666666666666,1058.0,518.8974358974359 国网湖南省电力有限公司物资公司
478.51282051282044,557.3589743589744,478.51282051282044,593.2564102564103,663.1282051282051,585.5641025641025,663.1282051282051,559.9230769230769 纳税人识别号：
709.2820512820513,554.7948717948718,709.2820512820513,588.1282051282051,1073.3846153846152,588.1282051282051,1075.948717948718,557.3589743589744 914301000558414990
473.38461538461536,600.9487179487179,473.38461538461536,629.1538461538461,660.5641025641025,631.7179487179487,658.0,595.8205128205128 地址、电话：
673.3846153846154,595.8205128205128,673.3846153846154,634.2820512820513,1152.871794871795,631.7179487179487,1152.871794871795,600.9487179487179 湖南省长沙市新韶东路395号0731-85336174
478.51282051282044,636.8461538461538,478.51282051282044,667.6153846153846,665.6923076923076,675.3076923076923,665.6923076923076,641.974358974359 开户行及账号：
675.9487179487179,636.8461538461538,675.9487179487179,675.3076923076923,1263.128205128205,670.1794871794872,1263.128205128205,636.8461538461538 中国建设银行股份有限公司长沙长岭支行43001791061069882007-0120
458.0,680.4358974358975,458.0,706.0769230769231,778.5128205128204,708.6410256410256,778.5128205128204,677.8717948717948 货物或应税劳务、服务名称
440.051282051282,708.6410256410256,445.1794871794872,739.4102564102564,778.5128205128204,739.4102564102564,770.8205128205128,706.0769230769231 *非金属矿物制品*非预应力锥形水泥杆
850.3076923076923,680.4358974358975,852.8717948717948,711.2051282051282,975.948717948718,708.6410256410256,975.948717948718,677.8717948717948 规格型号
840.051282051282,711.2051282051282,840.051282051282,739.4102564102564,983.6410256410256,739.4102564102564,975.948717948718,711.2051282051282 非YB190*12
1022.102564102564,677.8717948717948,1024.6666666666665,708.6410256410256,1083.6410256410256,708.6410256410256,1083.6410256410256,677.8717948717948 单位
1024.6666666666665,708.6410256410256,1027.2307692307693,741.9743589743589,1073.3846153846152,739.4102564102564,1070.8205128205127,708.6410256410256 根
1134.923076923077,680.4358974358975,1137.4871794871794,708.6410256410256,1229.7948717948718,711.2051282051282,1229.7948717948718,680.4358974358975 数量
1232.3589743589744,708.6410256410256,1237.4871794871794,736.8461538461538,1273.3846153846152,736.8461538461538,1281.076923076923,711.2051282051282 5
1291.3333333333333,680.4358974358975,1291.3333333333333,711.2051282051282,1386.2051282051282,713.7692307692307,1383.6410256410256,683.0 单价
1324.6666666666665,706.0769230769231,1329.7948717948718,739.4102564102564,1419.5384615384614,736.8461538461538,1419.5384615384614,708.6410256410256 2137.93
1470.8205128205127,680.4358974358975,1470.8205128205127,708.6410256410256,1583.6410256410256,706.0769230769231,1581.076923076923,680.4358974358975 金额
1534.923076923077,711.2051282051282,1534.923076923077,739.4102564102564,1645.179487179487,736.8461538461538,1645.179487179487,711.2051282051282 10689.65
1642.6153846153845,677.8717948717948,1645.179487179487,711.2051282051282,1719.5384615384614,708.6410256410256,1719.5384615384614,683.0 税率
1675.9487179487178,708.6410256410256,1681.076923076923,736.8461538461538,1737.4871794871794,739.4102564102564,1732.3589743589744,703.5128205128204 13%
1773.3846153846152,680.4358974358975,1773.3846153846152,711.2051282051282,1893.8974358974358,706.0769230769231,1891.3333333333333,675.3076923076923 税额
1840.051282051282,711.2051282051282,1842.6153846153845,736.8461538461538,1947.7435897435898,734.2820512820513,1942.6153846153848,690.6923076923076 1389.65
516.974358974359,972.7435897435897,516.974358974359,1006.0769230769231,716.9743589743589,1008.6410256410256,716.9743589743589,977.8717948717948 合计
1458.0,970.1794871794872,1460.5641025641025,1006.0769230769231,1647.7435897435896,1003.5128205128204,1647.7435897435896,970.1794871794872 ￥10689.65
1786.2051282051282,967.6153846153845,1788.7692307692307,1003.5128205128204,1947.7435897435898,998.3846153846154,1945.1794871794873,965.051282051282 ￥1389.65
499.025641025641,1024.0256410256409,499.025641025641,1065.051282051282,737.4871794871794,1059.923076923077,734.9230769230769,1026.5897435897436 价税合计（大写）
870.8205128205128,1024.0256410256409,870.8205128205128,1054.7948717948718,1183.6410256410256,1054.7948717948718,1181.076923076923,1018.8974358974358 壹万贰仟零柒拾玖圆叁角整
1519.5384615384614,1021.4615384615383,1516.974358974359,1057.3589743589744,1616.974358974359,1057.3589743589744,1616.974358974359,1024.0256410256409 （小写）
1622.102564102564,1021.4615384615383,1622.102564102564,1062.4871794871794,1822.102564102564,1059.923076923077,1819.5384615384614,1026.5897435897436 ￥12079.30
481.0769230769231,1083.0,481.0769230769231,1118.8974358974358,663.1282051282051,1116.3333333333333,663.1282051282051,1077.871794871795 名称：
675.9487179487179,1080.4358974358975,675.9487179487179,1106.076923076923,1055.4358974358975,1106.076923076923,1055.4358974358975,1080.4358974358975 涟源市天龙电力电杆制造有限公司
481.0769230769231,1116.3333333333333,481.0769230769231,1147.102564102564,663.1282051282051,1149.6666666666665,663.1282051282051,1113.7692307692307 纳税人识别号：
711.8461538461538,1124.0256410256409,719.5384615384615,1159.923076923077,1078.5128205128206,1154.7948717948718,1078.5128205128206,1121.4615384615383 91431382785352080K
478.51282051282044,1154.7948717948718,478.51282051282044,1185.5641025641025,665.6923076923076,1188.128205128205,663.1282051282051,1154.7948717948718 地址、电话：
681.0769230769231,1162.4871794871794,670.8205128205128,1195.8205128205127,1009.2820512820513,1190.6923076923076,1009.2820512820513,1159.923076923077 涟源市桥头河镇15073867818
478.51282051282044,1193.2564102564102,478.51282051282044,1216.3333333333333,658.0,1216.3333333333333,658.0,1193.2564102564102 开户行及账号：
675.9487179487179,1193.2564102564102,678.5128205128204,1218.8974358974358,1245.179487179487,1218.8974358974358,1245.179487179487,1193.2564102564102 中国农业银行股份有限公司涟源市支行18610901040004708
1355.4358974358975,1077.871794871795,1352.871794871795,1167.6153846153845,1763.128205128205,1167.6153846153845,1763.128205128205,1077.871794871795 合同编号：HN2018008748S006312921订单号：4500272160非项目采购
437.48717948717945,1234.2820512820513,437.48717948717945,1262.4871794871794,558.0,1259.923076923077,555.4358974358975,1231.7179487179487 收款人：
586.2051282051282,1234.2820512820513,586.2051282051282,1265.051282051282,678.5128205128204,1270.179487179487,681.0769230769231,1236.8461538461538 吕玉燕
863.1282051282051,1229.1538461538462,865.6923076923076,1262.4871794871794,952.8717948717949,1259.923076923077,950.3076923076924,1229.1538461538462 复核：
975.948717948718,1231.7179487179487,975.948717948718,1262.4871794871794,1073.3846153846152,1262.4871794871794,1070.8205128205127,1236.8461538461538 吴意卿
1188.7692307692307,1231.7179487179487,1188.7692307692307,1259.923076923077,1306.7179487179487,1262.4871794871794,1309.2820512820513,1236.8461538461538 开票人：
1342.6153846153845,1234.2820512820513,1342.6153846153845,1257.3589743589744,1424.6666666666665,1257.3589743589744,1424.6666666666665,1226.5897435897436 刘浣湘
