484.2051282051282,331.71794871794873,481.64102564102564,388.12820512820514,776.5128205128204,393.2564102564102,781.6410256410256,339.4102564102564 4300164130
448.30769230769226,393.2564102564102,448.30769230769226,431.71794871794873,579.0769230769231,431.71794871794873,579.0769230769231,400.94871794871796 机器编号：
440.61538461538464,439.4102564102564,440.61538461538464,467.6153846153846,679.0769230769231,480.4358974358974,676.5128205128204,441.97435897435895 889902226964
866.2564102564103,306.07692307692304,866.2564102564103,359.9230769230769,1350.871794871795,365.05128205128204,1356.0,306.07692307692304 湖南增值税专用发票
1502.1538461538462,349.66666666666663,1502.1538461538462,408.64102564102564,1753.4358974358975,403.5128205128205,1753.4358974358975,349.66666666666663 07247226
1766.2564102564102,367.6153846153846,1766.2564102564102,398.38461538461536,1907.2820512820513,400.94871794871796,1907.2820512820513,375.3076923076923 4300164130
1732.923076923077,398.38461538461536,1735.4871794871794,436.8461538461538,1899.5897435897434,441.97435897435895,1894.4615384615383,400.94871794871796 07247226
1479.076923076923,444.53846153846155,1481.6410256410256,477.87179487179486,1622.6666666666665,480.4358974358974,1622.6666666666665,452.2307692307692 开票日期：
1643.179487179487,444.53846153846155,1640.6153846153845,472.7435897435897,1868.8205128205127,480.4358974358974,1863.6923076923076,441.97435897435895 2019年06月12日
373.9487179487179,490.6923076923077,373.9487179487179,516.3333333333334,561.1282051282051,529.1538461538462,566.2564102564103,493.2564102564102 名称：
358.56410256410254,1080.4358974358975,361.12820512820514,1103.5128205128206,561.1282051282051,1116.3333333333333,558.5641025641025,1080.4358974358975 名称：
376.51282051282044,531.7179487179487,376.51282051282044,562.4871794871794,566.2564102564103,570.1794871794872,563.6923076923076,531.7179487179487 纳税人识别号：
358.56410256410254,1111.2051282051282,358.56410256410254,1147.102564102564,558.5641025641025,1149.6666666666665,556.0,1126.5897435897436 纳税人识别号：
368.8205128205128,572.7435897435897,368.8205128205128,606.0769230769231,561.1282051282051,616.3333333333333,561.1282051282051,580.4358974358975 地址、电话：
353.4358974358974,1149.6666666666665,353.4358974358974,1180.4358974358975,553.4358974358975,1185.5641025641025,553.4358974358975,1157.3589743589744 地址、电话：
368.8205128205128,611.2051282051282,366.2564102564102,639.4102564102564,561.1282051282051,647.1025641025641,563.6923076923076,618.8974358974359 开户行及账号：
358.56410256410254,1188.128205128205,358.56410256410254,1221.4615384615383,556.0,1226.5897435897436,556.0,1195.8205128205127 开户行及账号：
573.9487179487179,485.56410256410254,573.9487179487179,518.8974358974359,963.6923076923076,531.7179487179487,968.8205128205127,500.9487179487179 国网湖南省电力有限公司物资公司
604.7179487179487,529.1538461538462,602.1538461538461,572.7435897435897,971.3846153846152,567.6153846153846,976.5128205128206,539.4102564102564 914301000558414990
573.9487179487179,572.7435897435897,573.9487179487179,611.2051282051282,1068.8205128205127,618.8974358974359,1068.8205128205127,575.3076923076923 湖南省长沙市新韶东路395号0731-85336174
566.2564102564103,621.4615384615385,566.2564102564103,657.3589743589744,1181.6410256410256,667.6153846153846,1181.6410256410256,624.025641025641 中国建设银行股份有限公司长沙长岭支行43001791061069882007-0120
348.30769230769226,659.9230769230769,345.7435897435897,690.6923076923076,684.2051282051282,695.8205128205128,681.6410256410256,654.7948717948718 货物或应税劳务、服务名称
330.35897435897436,685.5641025641025,327.79487179487177,716.3333333333333,676.5128205128204,726.5897435897435,676.5128205128204,693.2564102564103 *非金属矿物制品*非预应力锥形水泥杆
327.79487179487177,724.025641025641,327.79487179487177,752.2307692307692,676.5128205128204,759.9230769230769,673.9487179487179,729.1538461538461 *非金属矿物制品*非预应力锥形水泥杆
317.53846153846155,759.9230769230769,314.97435897435895,788.1282051282051,671.3846153846154,793.2564102564103,679.0769230769231,757.3589743589744 *非金属矿物制品*非预应力锥形水泥杆
317.53846153846155,793.2564102564103,314.97435897435895,816.3333333333333,673.9487179487179,829.1538461538461,673.9487179487179,790.6923076923076 *非金属矿物制品*非预应力锥形水泥杆
756.0,667.6153846153846,758.5641025641025,695.8205128205128,886.7692307692307,698.3846153846154,886.7692307692307,667.6153846153846 规格型号
735.4871794871794,693.2564102564103,738.051282051282,721.4615384615385,884.2051282051282,726.5897435897435,879.0769230769231,695.8205128205128 非YB230*18
730.3589743589744,731.7179487179487,730.3589743589744,759.9230769230769,881.6410256410256,765.051282051282,881.6410256410256,734.2820512820513 非YB190*12
732.9230769230769,770.1794871794872,730.3589743589744,795.8205128205128,876.5128205128204,798.3846153846154,871.3846153846154,770.1794871794872 非YB190*10
735.4871794871794,806.0769230769231,732.9230769230769,834.2820512820513,868.8205128205128,834.2820512820513,868.8205128205128,800.9487179487179 非YB150*8
938.051282051282,662.4871794871794,938.051282051282,690.6923076923076,997.0256410256409,698.3846153846154,999.5897435897436,667.6153846153846 单位
932.9230769230769,703.5128205128204,935.4871794871794,726.5897435897435,976.5128205128206,731.7179487179487,971.3846153846152,703.5128205128204 根
932.9230769230769,736.8461538461538,932.9230769230769,762.4871794871794,976.5128205128206,759.9230769230769,976.5128205128206,729.1538461538461 根
930.3589743589744,770.1794871794872,930.3589743589744,803.5128205128204,963.6923076923076,803.5128205128204,968.8205128205127,775.3076923076923 根
938.051282051282,803.5128205128204,938.051282051282,831.7179487179487,981.6410256410256,831.7179487179487,981.6410256410256,806.0769230769231 根
1058.5641025641025,667.6153846153846,1066.2564102564102,703.5128205128204,1143.179487179487,703.5128205128204,1140.6153846153845,672.7435897435897 数量
1145.7435897435896,706.0769230769231,1148.3076923076922,734.2820512820513,1184.2051282051282,739.4102564102564,1184.2051282051282,708.6410256410256 19
1132.923076923077,734.2820512820513,1127.7948717948718,770.1794871794872,1179.076923076923,770.1794871794872,1179.076923076923,736.8461538461538 145
1130.3589743589744,772.7435897435897,1130.3589743589744,800.9487179487179,1184.2051282051282,803.5128205128204,1184.2051282051282,775.3076923076923 279
1130.3589743589744,806.0769230769231,1130.3589743589744,844.5384615384615,1179.076923076923,847.1025641025641,1181.6410256410256,811.2051282051282 104
1212.4102564102564,672.7435897435897,1212.4102564102564,703.5128205128204,1312.4102564102564,703.5128205128204,1312.4102564102564,680.4358974358975 单价
1243.179487179487,703.5128205128204,1245.7435897435896,731.7179487179487,1338.051282051282,736.8461538461538,1340.6153846153845,708.6410256410256 5353.45
1240.6153846153845,741.9743589743589,1240.6153846153845,775.3076923076923,1343.179487179487,770.1794871794872,1338.051282051282,734.2820512820513 2137.93
1238.051282051282,770.1794871794872,1240.6153846153845,808.6410256410256,1343.179487179487,808.6410256410256,1343.179487179487,772.7435897435897 1623.28
1245.7435897435896,813.7692307692307,1243.179487179487,839.4102564102564,1343.179487179487,844.5384615384615,1338.051282051282,811.2051282051282 844.83
1397.0256410256409,677.8717948717948,1399.5897435897436,711.2051282051282,1522.6666666666665,711.2051282051282,1522.6666666666665,683.0 金额
1445.7435897435896,711.2051282051282,1445.7435897435896,734.2820512820513,1579.076923076923,739.4102564102564,1573.9487179487178,716.3333333333333 101715.55
1443.179487179487,739.4102564102564,1445.7435897435896,772.7435897435897,1579.076923076923,775.3076923076923,1579.076923076923,741.9743589743589 309999.85
1448.3076923076922,780.4358974358975,1445.7435897435896,808.6410256410256,1586.7692307692307,813.7692307692307,1586.7692307692307,775.3076923076923 452895.12
1453.4358974358975,816.3333333333333,1453.4358974358975,852.2307692307692,1573.9487179487178,849.6666666666666,1573.9487179487178,813.7692307692307 87862.32
1589.3333333333333,680.4358974358975,1591.8974358974358,713.7692307692307,1656.0,708.6410256410256,1656.0,680.4358974358975 税率
1612.4102564102564,711.2051282051282,1612.4102564102564,741.9743589743589,1658.5641025641025,744.5384615384615,1658.5641025641025,711.2051282051282 13%
1609.8461538461538,747.1025641025641,1612.4102564102564,772.7435897435897,1656.0,780.4358974358975,1653.4358974358975,747.1025641025641 13%
1612.4102564102564,785.5641025641025,1614.974358974359,813.7692307692307,1658.5641025641025,808.6410256410256,1656.0,777.8717948717948 13%
1609.8461538461538,811.2051282051282,1609.8461538461538,849.6666666666666,1658.5641025641025,847.1025641025641,1656.0,811.2051282051282 13%
1725.230769230769,680.4358974358975,1727.7948717948718,713.7692307692307,1845.7435897435896,713.7692307692307,1845.7435897435896,683.0 税额
1776.5128205128206,716.3333333333333,1776.5128205128206,744.5384615384615,1897.0256410256409,747.1025641025641,1897.0256410256409,718.8974358974359 1323.02
1781.6410256410256,754.7948717948718,1779.076923076923,780.4358974358975,1889.3333333333333,785.5641025641025,1891.8974358974358,749.6666666666666 40299.98
1776.5128205128206,783.0,1773.9487179487178,813.7692307692307,1886.7692307692307,813.7692307692307,1889.3333333333333,785.5641025641025 58876.37
1773.9487179487178,824.025641025641,1773.9487179487178,852.2307692307692,1894.4615384615383,847.1025641025641,1894.4615384615383,821.4615384615385 11422.10
404.71794871794873,962.4871794871794,404.71794871794873,1000.9487179487179,609.8461538461538,1006.0769230769231,612.4102564102564,967.6153846153845 合计
1361.128205128205,980.4358974358973,1366.2564102564102,1024.0256410256409,1573.9487179487178,1021.4615384615383,1571.3846153846152,983.0 ￥952472.84
1679.076923076923,983.0,1681.6410256410256,1021.4615384615383,1894.4615384615383,1024.0256410256409,1889.3333333333333,988.1282051282051 ￥123821.47
384.2051282051282,1021.4615384615383,384.2051282051282,1057.3589743589744,625.2307692307692,1057.3589743589744,625.2307692307692,1021.4615384615383 价税合计（大写）
756.0,1016.3333333333333,753.4358974358975,1059.923076923077,1202.1538461538462,1062.4871794871794,1204.7179487179487,1031.7179487179487 壹佰零柒万陆仟贰佰玖拾肆圆叁角壹分
1448.3076923076922,1029.1538461538462,1448.3076923076922,1072.7435897435896,1550.871794871795,1077.871794871795,1550.871794871795,1034.2820512820513 （小写）
1548.3076923076922,1034.2820512820513,1548.3076923076922,1072.7435897435896,1779.076923076923,1077.871794871795,1776.5128205128206,1041.974358974359 ￥1076294.31
561.1282051282051,1072.7435897435896,561.1282051282051,1113.7692307692307,961.1282051282051,1116.3333333333333,961.1282051282051,1088.128205128205 涟源市天龙电力电杆制造有限公司
602.1538461538461,1124.0256410256409,599.5897435897435,1157.3589743589744,968.8205128205127,1162.4871794871794,971.3846153846152,1124.0256410256409 91431382785352080K
558.5641025641025,1159.923076923077,558.5641025641025,1193.2564102564102,889.3333333333333,1198.3846153846152,894.4615384615383,1170.179487179487 涟源市桥头河镇15073867818
556.0,1195.8205128205127,550.8717948717948,1224.0256410256409,1156.0,1231.7179487179487,1161.128205128205,1211.2051282051282 中国农业银行股份有限公司涟源市支行18610901040004708
1266.2564102564102,1088.128205128205,1276.5128205128206,1185.5641025641025,1699.5897435897434,1188.128205128205,1699.5897435897434,1095.8205128205127 合同编号：HN2018008748S005763128订单号：4500232191湖南永州祁阳县10KV文农线改造等工程
320.1025641025641,1229.1538461538462,322.66666666666663,1275.3076923076922,443.1794871794872,1272.7435897435896,443.1794871794872,1239.4102564102564 收款人：
463.6923076923076,1234.2820512820513,463.6923076923076,1270.179487179487,563.6923076923076,1275.3076923076922,563.6923076923076,1239.4102564102564 吕玉燕
758.5641025641025,1239.4102564102564,758.5641025641025,1275.3076923076922,858.5641025641025,1272.7435897435896,858.5641025641025,1241.974358974359 复核：
871.3846153846154,1244.5384615384614,871.3846153846154,1277.871794871795,973.948717948718,1283.0,976.5128205128206,1234.2820512820513 吴意卿
1109.8461538461538,1249.6666666666665,1112.4102564102564,1280.4358974358975,1232.923076923077,1283.0,1232.923076923077,1247.102564102564 开票人：
1243.179487179487,1244.5384615384614,1243.179487179487,1283.0,1348.3076923076922,1285.5641025641025,1345.7435897435896,1244.5384615384614 刘浣湘
